27/02/2020 15:16:25 : 1 1 2 3 5 8 13 21 34 55
27/02/2020 15:16:29 : 1 1 2 3 5 8 13 21 34 55
27/02/2020 15:16:33 : 1 1
27/02/2020 15:16:37 : 1 1
27/02/2020 15:16:41 : 1 1 2 3 5 8 13 21
27/02/2020 15:16:45 : 1 1 2 3 5 8 13 21 34 55
27/02/2020 15:16:49 : 1 1 2 3 5 8 13 21 34 55 89 144 233 377 610 987 1597 2584 4181
27/02/2020 15:16:53 : 1 1 2 3 5 8 13 21 34 55 89 144 233 377 610 987 1597
27/02/2020 15:16:57 : 1 1 2 3 5 8 13 21 34 55 89 144 233 377 610 987 1597 2584 4181
27/02/2020 15:17:08 : 1 1 2 3 5 8 13 21 34 55 89 144 233
27/02/2020 15:17:12 : 1 1 2
27/02/2020 15:17:16 : 1 1 2 3
27/02/2020 15:17:20 : 1 1 2 3 5 8 13 21 34 55 89 144
27/02/2020 15:17:24 : 
27/02/2020 15:17:28 : 1 1 2 3 5
27/02/2020 15:17:32 : 1 1 2 3
27/02/2020 15:17:36 : 1 1
27/02/2020 15:17:40 : 1 1 2 3 5 8 13 21 34 55 89 144 233 377
27/02/2020 15:17:44 : 1 1
27/02/2020 15:17:48 : 1 1 2 3 5 8 13 21
27/02/2020 15:17:52 : 1 1 2 3 5 8 13 21 34 55 89 144 233
27/02/2020 15:17:56 : 1 1 2 3 5 8 13 21
27/02/2020 15:18:00 : 1 1 2 3 5 8 13 21 34 55 89 144 233 377 610 987
27/02/2020 15:18:04 : 1 1 2 3 5 8 13 21 34 55 89 144 233 377 610 987
27/02/2020 15:28:08 : 1 1 2 3 5 8 13 21 34 55 89 144 233 377
27/02/2020 15:28:12 : 1 1 2 3
27/02/2020 15:28:16 : 1 1 2 3 5 8 13 21 34 55 89
27/02/2020 15:28:20 : 1 1 2 3 5 8 13 21 34 55 89 144 233 377
27/02/2020 15:28:24 : 1 1 2 3 5 8 13 21 34 55 89 144 233 377 610 987 1597 2584 4181
27/02/2020 15:28:28 : 1 1 2 3
27/02/2020 15:29:11 : 1 1 2 3 5 8 13
27/02/2020 15:29:15 : 1 1 2 3 5 8 13 21 34 55 89 144 233 377 610 987
27/02/2020 15:29:19 : 1 1 2 3 5 8 13 21 34 55 89 144 233 377 610 987 1597 2584
27/02/2020 15:30:24 : 1 1 2 3 5 8 13 21 34 55 89
27/02/2020 15:30:28 : 1 1 2
27/02/2020 15:30:32 : 1 1 2 3 5 8 13 21 34 55 89 144 233 377 610 987 1597 2584 4181
27/02/2020 15:30:36 : 1 1 2 3 5 8 13 21 34 55 89 144 233 377 610
27/02/2020 15:30:40 : 1 1 2
27/02/2020 15:33:37 : 1 1 2 3 5 8 13 21 34 55
27/02/2020 15:33:41 : 1 1 2 3 5 8 13 21 34 55 89
27/02/2020 15:33:45 : 1 1 2 3 5 8 13 21 34 55 89 144 233 377
27/02/2020 15:33:49 : 1 1 2 3 5 8 13 21
27/02/2020 15:33:56 : 1 1 2 3 5 8 13 21
27/02/2020 15:34:00 : 1 1 2 3 5 8
27/02/2020 15:37:50 : 1 1 2 3 5 8 13 21 34 55 89 144 233
27/02/2020 15:37:51 : 1
27/02/2020 15:37:51 : 1 1 2 3 5 8 13 21 34 55 89 144 233 377 610 987 1597 2584
27/02/2020 15:37:52 : 1 1 2 3 5 8 13 21 34 55
27/02/2020 15:37:53 : 1
27/02/2020 15:37:53 : 1 1 2 3 5 8 13 21 34 55 89 144 233 377
27/02/2020 15:37:54 : 1 1 2
27/02/2020 15:37:54 : 1
27/02/2020 15:37:55 : 1 1 2
27/02/2020 15:37:55 : 1 1
27/02/2020 15:37:56 : 1
27/02/2020 15:37:57 : 1 1 2 3 5 8 13 21
27/02/2020 15:37:57 : 1 1 2 3 5 8 13 21 34 55 89 144 233 377 610 987
27/02/2020 15:37:58 : 1 1 2 3 5 8 13 21 34 55 89 144 233 377 610 987
27/02/2020 15:37:58 : 1 1 2 3 5
27/02/2020 15:37:59 : 1 1
27/02/2020 15:37:59 : 1 1 2 3 5 8 13 21 34 55 89
27/02/2020 15:38:00 : 1 1 2 3 5 8 13 21 34 55 89 144 233
27/02/2020 15:38:00 : 
27/02/2020 15:38:01 : 1 1 2 3 5 8 13 21 34 55
27/02/2020 15:38:01 : 1 1 2 3 5 8 13
27/02/2020 15:38:02 : 1 1 2 3 5 8
27/02/2020 15:38:02 : 1 1 2 3 5 8 13 21 34
27/02/2020 15:38:03 : 1 1 2 3 5 8 13 21 34 55 89 144 233 377 610 987
27/02/2020 15:38:03 : 1 1 2 3 5 8 13 21 34 55 89 144 233 377
27/02/2020 15:38:04 : 1 1 2 3 5 8 13 21 34 55 89 144 233 377
27/02/2020 15:38:04 : 1 1 2 3 5 8 13 21 34 55 89
27/02/2020 15:38:05 : 1 1 2 3 5 8 13 21 34 55 89 144 233 377 610 987
27/02/2020 15:38:05 : 1 1 2 3 5 8 13 21 34 55 89
27/02/2020 15:38:06 : 1 1 2 3 5 8
27/02/2020 15:38:06 : 1 1 2 3 5 8 13 21 34 55
27/02/2020 15:38:07 : 1 1 2 3 5 8 13 21 34 55
27/02/2020 15:38:07 : 1 1 2 3 5 8 13 21 34 55 89 144 233 377 610 987
27/02/2020 15:38:08 : 1 1 2 3 5 8 13 21 34 55 89 144 233
27/02/2020 15:38:08 : 1 1 2 3 5
27/02/2020 15:38:09 : 1 1 2 3 5 8 13 21 34 55 89 144
27/02/2020 15:38:09 : 1 1 2 3 5 8 13 21 34 55 89 144 233 377 610
27/02/2020 15:38:10 : 1 1 2 3 5 8
27/02/2020 15:38:10 : 1 1 2 3 5 8 13 21 34 55 89 144 233
27/02/2020 15:38:11 : 1
27/02/2020 15:38:11 : 1 1 2
27/02/2020 15:38:12 : 1 1 2 3 5 8 13 21 34 55 89 144 233
27/02/2020 15:38:12 : 1 1 2 3 5 8 13 21 34 55 89 144 233 377 610 987 1597 2584 4181
27/02/2020 15:38:13 : 1 1 2 3 5 8 13 21 34 55 89 144 233 377 610 987 1597 2584 4181
27/02/2020 15:38:13 : 1 1 2 3 5 8 13 21 34 55
27/02/2020 15:38:14 : 1 1 2 3 5
27/02/2020 15:38:14 : 1 1 2 3 5 8 13 21
27/02/2020 15:38:15 : 1 1 2 3 5 8 13 21 34 55 89 144 233 377 610 987
27/02/2020 15:38:15 : 1
27/02/2020 15:38:16 : 1 1 2 3 5 8 13 21 34 55 89 144 233 377 610 987 1597 2584 4181
27/02/2020 15:38:16 : 1 1 2 3 5 8 13
27/02/2020 15:38:17 : 1 1 2 3 5 8 13 21 34
27/02/2020 15:38:17 : 1 1 2 3 5 8 13 21 34 55 89 144 233 377
27/02/2020 15:38:18 : 1 1 2 3 5 8 13 21 34 55 89 144 233 377 610
27/02/2020 15:38:18 : 1 1 2 3 5 8 13 21 34
27/02/2020 15:38:19 : 1 1 2 3 5 8
27/02/2020 15:38:19 : 1 1 2 3 5 8 13 21 34 55 89
27/02/2020 15:38:20 : 1
27/02/2020 15:38:20 : 1 1 2 3 5 8 13 21 34 55 89 144 233 377 610
27/02/2020 15:38:21 : 1 1 2 3 5 8
27/02/2020 15:38:21 : 1 1
27/02/2020 15:38:22 : 1 1 2 3 5 8
27/02/2020 15:38:22 : 1 1 2 3 5 8 13 21 34
27/02/2020 15:38:23 : 1 1 2 3 5 8 13 21 34 55 89 144 233 377 610 987
27/02/2020 15:38:23 : 1 1 2 3 5 8 13 21 34 55 89
27/02/2020 15:38:24 : 1 1 2 3 5 8 13 21 34 55 89
27/02/2020 15:38:24 : 1 1 2 3 5 8 13 21 34 55 89
27/02/2020 15:38:25 : 1 1
27/02/2020 15:38:25 : 1 1 2 3 5 8 13 21 34 55
27/02/2020 15:39:41 : 1 1 2 3 5 8 13 21 34 55 89
27/02/2020 15:39:42 : 1 1 2 3 5 8 13 21 34 55 89 144 233 377 610 987 1597 2584 4181
27/02/2020 15:39:42 : 
27/02/2020 15:39:43 : 1 1 2 3 5
27/02/2020 15:39:43 : 1 1 2 3 5 8 13 21 34 55 89 144 233 377 610 987
27/02/2020 15:39:44 : 1 1 2 3 5 8
27/02/2020 15:39:44 : 1 1 2 3 5 8
27/02/2020 15:39:45 : 1 1 2 3 5 8 13 21 34 55 89 144 233 377 610 987 1597 2584 4181
27/02/2020 15:39:45 : 1 1 2 3
27/02/2020 15:39:46 : 1 1 2 3 5 8
27/02/2020 15:39:46 : 1 1 2 3 5 8 13 21
27/02/2020 15:39:47 : 1
27/02/2020 15:39:47 : 1 1 2 3 5 8 13 21 34 55 89 144 233 377 610
27/02/2020 15:39:50 : 1 1 2 3
27/02/2020 15:39:51 : 1 1 2 3
27/02/2020 15:39:51 : 1 1
27/02/2020 15:39:52 : 1 1 2 3 5 8 13
27/02/2020 15:39:52 : 1 1 2 3
27/02/2020 15:39:53 : 1 1 2 3 5 8 13 21 34 55 89 144 233
27/02/2020 15:39:53 : 1 1 2 3 5 8 13 21 34 55 89 144 233
27/02/2020 15:39:54 : 1 1 2 3 5 8 13 21 34 55 89 144 233 377 610
27/02/2020 15:39:54 : 1 1 2 3
27/02/2020 15:39:55 : 
27/02/2020 15:39:56 : 1 1 2 3 5 8 13 21 34 55
27/02/2020 15:39:56 : 1 1 2 3 5 8 13 21 34 55 89 144 233 377 610
27/02/2020 15:39:57 : 1 1 2 3 5 8 13 21 34 55 89
27/02/2020 15:39:57 : 1 1 2 3
27/02/2020 15:39:58 : 1 1 2 3 5 8 13 21
27/02/2020 15:39:58 : 1 1 2 3 5 8 13 21
27/02/2020 15:39:59 : 
27/02/2020 15:39:59 : 1 1 2 3 5 8
27/02/2020 15:40:00 : 1 1 2 3 5 8 13 21 34 55 89 144 233 377 610 987 1597
27/02/2020 15:40:00 : 1 1 2 3 5 8 13
27/02/2020 15:40:01 : 1 1 2 3 5 8 13 21 34 55 89 144
27/02/2020 15:40:01 : 1
27/02/2020 15:40:02 : 
27/02/2020 15:40:02 : 1 1 2 3 5 8 13 21 34 55 89
27/02/2020 15:40:03 : 1 1 2 3 5 8 13 21 34 55 89
27/02/2020 15:40:03 : 1 1 2 3 5 8 13 21 34 55 89 144 233 377 610
27/02/2020 15:40:04 : 1 1 2 3 5 8 13 21 34 55
27/02/2020 15:40:04 : 1 1 2 3 5 8 13 21 34 55
27/02/2020 15:40:05 : 1 1
27/02/2020 15:40:06 : 1 1
27/02/2020 15:40:06 : 1 1 2 3 5 8 13 21 34
27/02/2020 15:40:07 : 1 1
27/02/2020 15:40:07 : 1 1 2 3 5
27/02/2020 15:40:08 : 1 1 2 3 5 8 13 21 34 55 89 144
27/02/2020 15:40:08 : 1 1 2 3 5 8 13 21 34 55 89 144 233 377 610 987 1597 2584
27/02/2020 15:40:09 : 1
27/02/2020 15:40:09 : 1 1 2 3 5 8 13 21 34 55 89 144
27/02/2020 15:40:10 : 1 1 2 3 5 8 13 21 34 55 89 144 233 377 610 987 1597
27/02/2020 15:40:10 : 1 1 2 3 5 8 13 21 34 55 89 144 233 377 610 987 1597
27/02/2020 15:40:11 : 1 1 2 3 5 8 13 21 34 55 89 144 233 377 610 987 1597
27/02/2020 15:40:11 : 1 1 2 3 5
27/02/2020 15:40:12 : 1 1
27/02/2020 15:40:12 : 1 1 2 3 5 8 13 21 34 55 89 144 233 377 610 987 1597 2584 4181
27/02/2020 15:40:13 : 
27/02/2020 15:40:13 : 1 1 2 3
27/02/2020 15:40:14 : 1 1 2 3 5 8 13 21 34 55 89 144
27/02/2020 15:40:14 : 1
27/02/2020 15:40:15 : 
27/02/2020 15:40:15 : 1
27/02/2020 15:40:16 : 1 1 2 3 5 8 13 21 34 55 89 144 233 377
27/02/2020 15:40:16 : 1 1 2 3 5 8
27/02/2020 15:40:17 : 
27/02/2020 15:40:17 : 1 1 2 3 5 8 13 21 34
27/02/2020 15:40:18 : 1 1 2 3 5
27/02/2020 15:40:18 : 1 1 2 3 5 8 13 21 34 55 89 144
27/02/2020 15:40:19 : 1 1 2 3 5 8 13 21 34 55 89 144 233 377
27/02/2020 15:40:19 : 1 1 2
27/02/2020 15:40:20 : 1 1 2 3 5 8 13 21 34 55 89
27/02/2020 15:40:20 : 1 1 2 3 5 8 13 21 34 55 89 144 233 377 610
27/02/2020 15:40:21 : 1 1 2 3 5 8 13 21
27/02/2020 15:40:21 : 1 1
27/02/2020 15:40:22 : 1 1
27/02/2020 15:40:22 : 1 1 2 3 5 8 13 21 34 55 89 144 233
27/02/2020 15:40:23 : 1 1
27/02/2020 15:40:23 : 1 1 2 3 5 8 13 21 34 55 89
27/02/2020 15:40:24 : 1 1 2 3 5 8 13
27/02/2020 15:40:24 : 1 1 2 3 5 8 13 21 34
27/02/2020 15:40:25 : 1 1 2 3 5 8 13 21 34 55 89 144 233 377 610 987 1597 2584 4181
27/02/2020 15:40:25 : 1 1 2 3 5
27/02/2020 15:40:26 : 1 1 2 3 5 8
27/02/2020 15:40:26 : 1 1 2 3 5 8 13 21 34 55 89 144 233 377 610 987
27/02/2020 15:40:27 : 1 1 2
27/02/2020 15:40:27 : 1 1 2 3 5 8 13 21 34
27/02/2020 15:40:28 : 
27/02/2020 15:40:28 : 1 1
27/02/2020 15:40:29 : 1 1 2 3 5 8 13 21 34
27/02/2020 15:40:29 : 1 1
27/02/2020 15:40:30 : 1 1 2 3 5 8 13 21 34 55 89 144 233 377 610 987 1597 2584 4181
27/02/2020 15:40:30 : 1 1 2 3 5 8 13
27/02/2020 15:40:31 : 1 1 2 3 5 8 13 21 34 55 89 144 233 377 610 987 1597 2584 4181
27/02/2020 15:40:31 : 1 1 2 3 5 8 13 21 34 55 89 144 233
27/02/2020 15:40:32 : 1 1 2 3 5 8 13 21 34
27/02/2020 15:40:32 : 1 1 2 3 5 8 13 21
27/02/2020 15:40:33 : 1 1 2 3 5 8 13
27/02/2020 15:40:33 : 1 1 2 3 5 8 13 21 34 55 89 144 233 377 610
27/02/2020 15:40:34 : 1 1 2 3 5 8 13 21 34
27/02/2020 15:40:34 : 1 1 2 3 5 8 13 21 34 55 89 144 233
27/02/2020 15:40:35 : 1 1 2 3 5 8 13 21 34 55 89 144 233 377 610 987 1597 2584 4181
27/02/2020 15:40:35 : 
27/02/2020 15:40:36 : 1 1 2
27/02/2020 15:40:36 : 1 1 2 3 5 8 13 21 34 55 89 144 233 377 610 987 1597 2584
27/02/2020 15:40:37 : 1
27/02/2020 15:40:37 : 1
27/02/2020 15:40:38 : 1 1 2 3 5 8 13 21
27/02/2020 15:40:38 : 1 1 2 3 5 8 13 21 34 55 89 144 233 377
27/02/2020 15:40:39 : 1 1
27/02/2020 15:40:39 : 1 1 2 3 5 8 13 21 34
27/02/2020 15:40:40 : 1 1 2 3 5 8 13 21 34 55 89 144 233 377 610 987
27/02/2020 15:40:40 : 1 1 2 3 5 8 13 21 34
27/02/2020 15:40:41 : 1 1 2 3 5 8 13 21 34 55 89 144 233 377 610 987
27/02/2020 15:40:41 : 1 1
27/02/2020 15:40:42 : 1 1
27/02/2020 15:40:42 : 1 1 2 3 5 8 13 21 34 55 89 144 233 377 610
27/02/2020 15:40:43 : 1 1 2 3 5 8 13 21 34 55 89 144 233 377
27/02/2020 15:40:44 : 1 1 2 3 5 8 13 21 34 55 89
27/02/2020 15:40:45 : 1 1 2 3 5 8 13 21
27/02/2020 15:40:46 : 1 1 2 3 5 8 13 21 34 55 89 144
27/02/2020 15:40:47 : 1 1 2
27/02/2020 15:40:48 : 1 1 2 3 5 8 13 21 34 55 89 144 233 377 610
27/02/2020 15:40:49 : 1 1 2 3 5 8 13 21 34 55 89 144 233 377
27/02/2020 15:40:50 : 1 1 2 3 5 8
27/02/2020 15:40:51 : 1 1 2 3 5 8 13 21 34 55 89 144 233 377
27/02/2020 15:40:52 : 1 1 2 3 5 8 13 21 34 55 89 144 233 377 610 987 1597 2584
27/02/2020 15:40:53 : 1 1
27/02/2020 15:40:54 : 1
27/02/2020 15:40:55 : 1 1 2 3 5
27/02/2020 15:40:56 : 1 1 2 3 5 8 13 21 34 55 89 144 233 377 610 987 1597 2584 4181
27/02/2020 15:40:57 : 1 1 2 3 5 8
27/02/2020 15:40:58 : 1 1 2 3 5 8 13 21 34 55
27/02/2020 15:40:59 : 1 1 2 3 5 8 13 21 34 55 89 144 233 377
27/02/2020 15:41:00 : 1 1 2 3 5 8 13 21 34 55 89 144 233
27/02/2020 15:41:01 : 1 1 2 3 5 8 13 21 34 55 89 144 233 377 610 987 1597
27/02/2020 15:41:02 : 1 1 2 3 5 8 13 21 34 55 89 144 233 377 610 987
27/02/2020 15:41:03 : 1 1 2 3 5 8 13 21 34 55 89
27/02/2020 15:41:03 : 1 1 2 3 5 8 13 21 34 55 89 144 233 377 610 987 1597 2584
27/02/2020 15:41:04 : 1 1 2 3 5 8 13 21 34 55 89 144 233 377
27/02/2020 15:41:04 : 1 1 2 3 5 8 13 21 34 55 89 144 233 377 610 987 1597
27/02/2020 15:41:05 : 1 1 2 3 5 8
27/02/2020 15:41:05 : 1 1 2 3 5 8 13 21 34 55 89 144 233
27/02/2020 15:41:06 : 1
27/02/2020 15:41:06 : 1 1 2 3 5 8 13 21
27/02/2020 15:41:07 : 1 1 2
27/02/2020 15:41:07 : 1 1 2 3 5 8 13 21 34
27/02/2020 15:41:08 : 1 1 2 3 5 8 13
27/02/2020 15:41:08 : 1
27/02/2020 15:41:09 : 1 1 2 3 5 8 13 21 34 55 89 144 233
27/02/2020 15:41:09 : 1 1 2
27/02/2020 15:41:10 : 1 1 2 3 5 8 13 21 34 55 89 144
27/02/2020 15:41:10 : 1 1 2 3 5 8
27/02/2020 15:41:11 : 1 1
27/02/2020 15:41:11 : 
27/02/2020 15:41:12 : 1 1 2 3 5 8 13 21 34 55
27/02/2020 15:41:12 : 1 1 2
27/02/2020 15:41:13 : 1 1 2
27/02/2020 15:41:13 : 1
27/02/2020 15:41:14 : 1 1 2 3 5 8
27/02/2020 15:41:14 : 1 1 2 3 5 8 13 21 34 55 89 144 233
27/02/2020 15:41:15 : 1 1 2 3 5 8 13 21 34 55 89 144 233 377 610 987 1597 2584
27/02/2020 15:41:16 : 1 1 2
27/02/2020 15:41:17 : 
27/02/2020 15:41:18 : 1 1 2
27/02/2020 15:41:19 : 1 1 2 3 5 8 13 21 34 55 89 144 233
27/02/2020 15:41:20 : 
27/02/2020 15:41:21 : 1 1 2 3 5 8 13 21 34 55 89 144 233
27/02/2020 15:41:41 : 1 1 2 3 5 8 13 21 34 55
27/02/2020 15:41:41 : 1 1 2 3 5 8 13 21
27/02/2020 15:41:42 : 1 1 2 3 5 8 13 21 34 55 89 144 233 377 610 987 1597
27/02/2020 15:41:42 : 1 1 2 3 5 8 13 21
27/02/2020 15:41:43 : 1 1 2 3 5 8 13 21 34 55
27/02/2020 15:41:43 : 1 1 2 3 5
27/02/2020 15:41:44 : 1 1 2 3 5 8 13 21 34 55 89 144 233 377 610 987 1597
27/02/2020 15:41:44 : 1 1 2 3 5 8 13 21 34 55 89 144 233 377 610 987
27/02/2020 15:41:45 : 1 1 2 3 5 8 13 21 34 55 89 144 233 377 610
27/02/2020 15:41:45 : 1
27/02/2020 15:41:45 : 1 1 2 3 5 8 13 21 34 55
27/02/2020 15:41:46 : 1 1 2 3 5
27/02/2020 15:41:46 : 1 1 2 3 5 8 13 21 34 55 89 144 233
27/02/2020 15:41:46 : 1 1 2 3 5 8 13 21
27/02/2020 15:41:47 : 1 1 2 3 5 8 13 21 34 55 89
27/02/2020 15:41:47 : 1 1 2 3 5 8 13 21 34 55 89 144 233 377 610 987 1597 2584
27/02/2020 15:41:47 : 1 1 2 3 5 8 13 21 34 55 89 144 233 377
27/02/2020 15:41:47 : 1 1 2
27/02/2020 15:41:48 : 1 1 2 3 5 8 13 21 34 55 89 144
27/02/2020 15:41:48 : 1 1 2 3 5 8 13 21 34
27/02/2020 15:41:48 : 1 1 2 3 5 8 13 21 34 55 89
27/02/2020 15:41:48 : 1 1 2 3 5 8
27/02/2020 15:41:49 : 1 1 2 3 5 8 13 21 34
27/02/2020 15:41:49 : 1 1 2 3 5 8 13 21
27/02/2020 15:41:49 : 1 1 2 3 5 8 13 21 34 55
27/02/2020 15:41:49 : 1 1 2 3 5 8 13 21 34 55 89 144 233 377 610
27/02/2020 15:41:50 : 1 1 2 3 5 8
27/02/2020 15:41:50 : 1 1 2 3 5 8 13 21 34 55 89 144 233 377 610 987 1597
27/02/2020 15:41:50 : 1 1 2 3 5 8 13 21 34 55 89 144 233
27/02/2020 15:41:50 : 1 1 2 3 5 8
27/02/2020 15:41:51 : 1 1
27/02/2020 15:41:51 : 1 1 2 3 5 8 13 21 34 55 89 144 233 377 610 987 1597 2584
27/02/2020 15:41:51 : 1 1 2 3 5 8 13 21
27/02/2020 15:41:51 : 1 1 2 3 5 8 13 21 34 55 89 144 233 377 610 987 1597 2584
27/02/2020 15:41:52 : 1 1 2 3 5 8 13
27/02/2020 15:41:52 : 1 1 2 3 5 8 13 21 34 55
27/02/2020 15:41:52 : 1 1 2 3 5 8
27/02/2020 15:41:52 : 1 1 2 3 5 8 13 21 34
27/02/2020 15:41:52 : 1 1 2 3 5 8 13 21 34 55 89 144 233 377 610 987 1597
27/02/2020 15:41:53 : 1 1 2 3
27/02/2020 15:41:53 : 1 1 2 3 5 8 13 21 34 55 89 144 233 377
27/02/2020 15:41:53 : 1 1
27/02/2020 15:41:53 : 1 1 2 3 5 8 13 21 34 55 89 144
27/02/2020 15:41:53 : 1 1 2 3 5 8 13 21 34 55 89 144 233 377 610 987 1597
27/02/2020 15:41:54 : 1 1 2 3 5 8 13 21 34 55 89 144 233
27/02/2020 15:41:54 : 
27/02/2020 15:41:54 : 1 1 2 3 5 8 13 21 34 55 89
27/02/2020 15:41:54 : 1 1 2 3 5 8 13 21 34
27/02/2020 15:41:55 : 1 1 2 3 5 8 13
27/02/2020 15:41:55 : 1 1 2 3 5 8 13 21 34 55 89 144 233 377 610 987 1597 2584
27/02/2020 15:41:55 : 1 1 2 3 5 8 13 21 34 55 89 144 233
27/02/2020 15:41:55 : 1 1 2 3 5 8
27/02/2020 15:41:56 : 1 1 2 3 5 8
27/02/2020 15:41:56 : 1 1 2 3 5 8 13 21 34 55
27/02/2020 15:41:56 : 1 1 2 3
27/02/2020 15:41:56 : 1 1
27/02/2020 15:41:57 : 
27/02/2020 15:41:57 : 1 1 2 3 5 8
27/02/2020 15:41:58 : 1 1 2 3 5 8 13 21 34
27/02/2020 15:41:58 : 1 1 2 3 5 8 13 21 34 55 89 144
27/02/2020 15:41:58 : 1 1 2 3 5 8 13 21 34 55 89
27/02/2020 15:41:58 : 1 1 2 3 5 8 13
27/02/2020 15:41:59 : 1 1
27/02/2020 15:41:59 : 1 1 2
27/02/2020 15:41:59 : 1 1 2 3 5 8 13 21 34
27/02/2020 15:41:59 : 1 1 2 3 5 8 13 21 34 55 89
27/02/2020 15:42:00 : 1 1 2 3 5 8 13 21 34 55 89 144 233 377 610
27/02/2020 15:42:00 : 1 1 2 3 5 8
27/02/2020 15:42:00 : 1 1 2 3 5 8 13 21 34 55 89 144 233 377 610 987 1597 2584
27/02/2020 15:42:00 : 1 1 2 3 5 8 13 21 34 55 89 144 233 377 610 987 1597
27/02/2020 15:42:00 : 1 1 2 3 5 8 13 21 34 55 89 144 233 377
27/02/2020 15:42:01 : 1 1 2 3 5
27/02/2020 15:42:01 : 1 1 2 3 5 8 13 21 34 55 89 144 233
27/02/2020 15:42:01 : 1 1 2 3 5 8 13 21
27/02/2020 15:42:01 : 1 1 2 3 5 8 13 21 34 55 89 144 233 377 610 987 1597 2584
27/02/2020 15:42:02 : 1 1 2
27/02/2020 15:42:02 : 1 1 2 3 5 8 13 21 34 55 89
27/02/2020 15:42:02 : 1 1 2 3 5 8 13 21 34 55 89
27/02/2020 15:42:02 : 1 1 2
27/02/2020 15:42:03 : 1 1 2 3 5 8 13 21 34 55 89 144 233 377 610 987
27/02/2020 15:42:03 : 1 1 2
27/02/2020 15:42:03 : 1 1 2 3 5 8 13 21 34
27/02/2020 15:42:04 : 1 1 2 3 5 8 13 21 34 55 89 144 233 377
27/02/2020 15:42:04 : 
27/02/2020 15:42:04 : 1 1 2 3
27/02/2020 15:42:05 : 1 1 2 3
27/02/2020 15:42:05 : 1 1 2 3 5 8 13 21 34 55 89
27/02/2020 15:42:05 : 1 1 2 3 5 8 13
27/02/2020 15:42:06 : 1 1 2 3 5 8 13 21 34 55 89 144 233 377 610 987 1597
27/02/2020 15:42:06 : 1
27/02/2020 15:42:07 : 1 1 2 3 5 8 13 21 34 55 89 144
27/02/2020 15:42:07 : 1 1 2 3 5 8 13
27/02/2020 15:42:08 : 1 1 2 3 5 8 13 21 34 55 89 144 233 377 610
27/02/2020 15:42:08 : 1 1 2
27/02/2020 15:42:09 : 
27/02/2020 15:42:09 : 1 1 2 3 5 8 13 21
27/02/2020 15:42:10 : 1 1 2 3 5 8 13 21 34 55 89 144 233 377 610 987
27/02/2020 15:42:10 : 1 1 2 3 5 8 13 21 34 55 89 144 233 377
27/02/2020 15:42:11 : 1 1 2 3 5
27/02/2020 15:42:11 : 1 1 2 3 5 8 13 21 34 55 89 144 233
27/02/2020 15:42:12 : 1
27/02/2020 15:42:12 : 
27/02/2020 15:42:13 : 1 1 2 3 5 8
27/02/2020 15:42:13 : 1 1 2 3 5 8 13 21 34 55 89 144 233
27/02/2020 15:58:49 : 1 1 2 3 5
27/02/2020 15:58:49 : 1 1 2 3 5 8 13 21 34 55 89 144 233 377 610 987
27/02/2020 15:58:50 : 1 1
27/02/2020 15:58:50 : 1 1 2 3 5 8 13 21 34 55 89 144 233 377 610 987 1597 2584
27/02/2020 15:58:50 : 1 1 2 3 5 8 13 21 34 55 89 144 233 377 610 987
27/02/2020 15:58:51 : 1 1 2 3 5 8 13 21 34 55 89 144 233 377 610 987
27/02/2020 15:58:51 : 1 1 2 3 5 8 13 21
27/02/2020 15:58:52 : 1 1 2 3
27/02/2020 15:58:52 : 1 1 2 3 5 8 13 21
27/02/2020 15:58:53 : 1 1
27/02/2020 15:58:53 : 1 1 2 3 5 8 13 21 34 55 89 144 233 377
27/02/2020 15:59:01 : 1 1 2 3 5 8 13 21 34 55 89 144 233 377 610 987 1597
27/02/2020 15:59:01 : 1
27/02/2020 15:59:02 : 1
27/02/2020 15:59:03 : 1 1 2 3 5 8 13 21 34 55 89 144 233 377 610
27/02/2020 15:59:03 : 1 1 2 3 5 8 13 21 34 55 89 144 233 377 610 987
27/02/2020 15:59:03 : 1 1 2 3 5 8 13 21 34 55 89 144
27/02/2020 15:59:04 : 1 1 2 3 5 8 13 21 34 55 89 144 233 377 610 987
27/02/2020 15:59:04 : 1 1 2 3 5 8 13 21 34 55 89 144 233
27/02/2020 15:59:05 : 1 1 2 3 5 8 13 21 34 55 89 144
27/02/2020 15:59:05 : 1 1 2 3 5 8 13 21 34 55 89
27/02/2020 15:59:06 : 1 1 2 3 5 8 13 21 34 55 89 144 233 377 610 987
27/02/2020 15:59:06 : 1 1 2 3 5 8 13 21 34 55 89 144 233 377 610 987 1597 2584
27/02/2020 15:59:06 : 1 1
27/02/2020 15:59:07 : 
27/02/2020 15:59:07 : 1 1 2 3
27/02/2020 15:59:07 : 1 1 2 3 5 8 13 21 34 55 89 144 233 377
27/02/2020 15:59:08 : 1 1 2 3 5 8 13 21 34 55 89 144 233 377 610 987 1597 2584
27/02/2020 15:59:08 : 1 1 2 3 5 8 13 21 34 55 89 144 233 377 610 987 1597 2584 4181
27/02/2020 15:59:08 : 
27/02/2020 15:59:09 : 1 1 2 3 5 8 13 21 34 55 89 144
27/02/2020 15:59:09 : 1
27/02/2020 15:59:09 : 1
27/02/2020 15:59:10 : 1 1 2 3
27/02/2020 15:59:10 : 1 1
27/02/2020 15:59:10 : 1 1 2 3 5 8 13 21 34 55 89
27/02/2020 15:59:11 : 1 1 2 3 5 8 13 21 34 55 89 144 233 377
27/02/2020 15:59:11 : 1 1 2 3
27/02/2020 15:59:11 : 1
27/02/2020 15:59:12 : 1 1 2
27/02/2020 15:59:12 : 
27/02/2020 15:59:12 : 1 1 2 3 5 8 13
27/02/2020 15:59:13 : 1 1 2 3 5 8 13 21 34 55 89 144 233 377 610 987 1597 2584 4181
27/02/2020 15:59:13 : 1 1 2 3 5 8 13 21 34 55 89 144 233 377 610 987 1597 2584 4181
27/02/2020 15:59:13 : 1 1 2 3 5 8 13 21 34
27/02/2020 15:59:14 : 1 1 2 3 5 8 13 21 34 55 89 144 233 377 610 987
27/02/2020 15:59:14 : 
27/02/2020 15:59:14 : 1 1 2
27/02/2020 15:59:15 : 1 1 2 3 5 8 13 21 34 55 89 144
27/02/2020 15:59:15 : 1 1 2 3 5 8 13 21 34 55 89 144 233 377 610
27/02/2020 15:59:15 : 1 1 2 3 5 8 13 21 34 55 89 144 233 377 610
27/02/2020 15:59:16 : 1 1 2 3 5 8 13 21 34 55 89
27/02/2020 15:59:16 : 1 1 2 3 5 8 13 21 34 55 89
27/02/2020 15:59:16 : 1 1 2 3 5 8 13 21 34 55 89 144 233 377 610 987 1597
27/02/2020 15:59:17 : 1 1 2 3 5 8 13 21 34 55 89 144 233 377
27/02/2020 15:59:17 : 1 1 2 3 5 8 13
27/02/2020 15:59:17 : 1 1 2 3 5 8 13 21 34 55 89
27/02/2020 15:59:18 : 1 1 2 3 5 8 13 21 34 55 89 144 233 377 610
27/02/2020 15:59:18 : 1 1 2 3
27/02/2020 15:59:18 : 1 1 2 3 5 8 13 21 34 55 89 144 233 377 610 987 1597 2584
27/02/2020 15:59:19 : 1 1 2 3 5 8 13 21 34 55 89 144 233 377 610 987 1597 2584
27/02/2020 15:59:19 : 1 1 2 3 5 8 13 21 34 55 89 144 233 377 610
27/02/2020 15:59:19 : 1 1 2
27/02/2020 15:59:19 : 
27/02/2020 15:59:20 : 1 1 2 3 5 8 13 21 34 55 89 144 233
27/02/2020 15:59:20 : 1 1
27/02/2020 15:59:20 : 1 1 2 3 5 8 13 21 34 55
27/02/2020 15:59:21 : 1 1 2 3
27/02/2020 15:59:21 : 1 1 2 3 5 8 13 21 34 55 89 144 233 377 610
27/02/2020 16:16:36 : 1 1 2 3 5 8 13 21 34 55
27/02/2020 16:16:36 : 1 1 2 3 5 8 13 21
27/02/2020 16:16:38 : 1 1 2 3 5 8 13 21 34
27/02/2020 16:16:38 : 1 1 2 3 5 8 13 21 34 55 89 144 233 377
27/02/2020 16:16:39 : 1 1 2 3 5 8 13 21 34
27/02/2020 16:16:39 : 1 1 2 3 5 8 13 21 34 55 89
27/02/2020 16:16:40 : 1 1 2 3 5 8 13 21 34 55
27/02/2020 16:16:40 : 1 1 2
27/02/2020 16:16:41 : 1 1 2 3 5 8 13 21 34 55
27/02/2020 16:16:41 : 1 1 2 3 5 8 13 21 34 55 89 144 233 377 610 987 1597 2584 4181
27/02/2020 16:16:42 : 1 1 2 3 5 8 13 21 34 55
27/02/2020 16:16:42 : 1 1 2 3 5 8 13 21 34 55 89 144
27/02/2020 16:16:43 : 1 1 2 3 5
27/02/2020 16:16:43 : 1 1 2
27/02/2020 16:16:44 : 1 1 2 3 5 8 13 21 34 55 89 144 233 377
27/02/2020 16:16:44 : 1 1 2 3 5 8 13 21 34
27/02/2020 16:16:45 : 1 1 2 3 5 8 13 21 34 55 89 144 233 377 610 987 1597
27/02/2020 16:16:45 : 1 1 2 3 5 8 13
27/02/2020 16:16:46 : 1 1 2 3 5 8 13 21 34 55 89 144 233 377 610
27/02/2020 16:16:46 : 1 1 2 3 5 8 13 21 34 55 89 144
27/02/2020 16:16:47 : 1 1 2 3 5 8 13 21 34 55 89 144 233 377 610 987 1597
27/02/2020 16:16:47 : 1 1
27/02/2020 16:16:48 : 1 1 2 3 5 8 13 21 34 55 89 144 233 377 610 987 1597
27/02/2020 16:16:48 : 1
27/02/2020 16:16:49 : 1 1 2 3 5
27/02/2020 16:16:49 : 1 1 2 3 5 8 13 21 34 55 89 144 233 377 610 987 1597 2584 4181
27/02/2020 16:16:49 : 1 1 2 3 5 8 13 21 34 55 89 144 233 377 610 987 1597
27/02/2020 16:16:50 : 1 1 2 3 5 8 13 21 34 55 89 144 233 377 610 987 1597 2584 4181
27/02/2020 16:16:50 : 1 1 2 3 5 8 13 21 34 55 89 144 233 377 610 987
27/02/2020 16:16:51 : 1 1
27/02/2020 16:16:51 : 1 1 2 3 5 8 13 21 34 55 89 144
27/02/2020 16:16:51 : 1 1 2 3 5 8 13 21 34 55 89 144 233
27/02/2020 16:16:52 : 1 1 2 3 5 8 13 21 34 55 89
27/02/2020 16:16:52 : 1 1 2 3
27/02/2020 16:16:53 : 
27/02/2020 16:16:53 : 1 1 2 3 5 8 13 21 34 55 89 144 233 377 610 987
27/02/2020 16:16:54 : 1 1 2
27/02/2020 16:16:54 : 1 1 2 3 5 8 13 21
27/02/2020 16:16:54 : 1 1 2 3 5
27/02/2020 16:16:55 : 1 1 2 3 5 8 13 21 34 55
27/02/2020 16:16:55 : 1 1 2 3
27/02/2020 16:16:56 : 1 1 2 3 5 8 13 21 34 55 89 144 233 377 610 987 1597
27/02/2020 16:16:56 : 1 1 2 3 5 8 13 21 34 55 89 144 233 377 610 987 1597
27/02/2020 16:16:56 : 1 1 2 3 5
27/02/2020 16:16:57 : 1 1 2 3 5 8 13 21 34 55 89 144 233 377 610 987
27/02/2020 16:16:57 : 1 1 2 3 5 8 13 21
27/02/2020 16:16:57 : 1 1 2 3 5 8 13 21 34 55 89 144 233
27/02/2020 16:16:58 : 1 1 2
27/02/2020 16:16:58 : 1 1 2 3 5 8 13 21 34 55 89 144 233 377 610 987 1597 2584
27/02/2020 16:16:59 : 1 1 2 3 5 8 13 21 34 55 89 144 233 377 610 987 1597
27/02/2020 16:16:59 : 1 1 2 3 5 8 13 21 34 55 89 144
27/02/2020 16:16:59 : 1
27/02/2020 16:17:00 : 1 1 2 3 5 8 13 21 34 55 89 144 233 377 610 987 1597 2584
27/02/2020 16:17:00 : 1 1 2 3 5 8 13 21 34 55 89 144 233 377 610 987 1597
27/02/2020 16:17:01 : 1 1 2 3 5 8 13 21 34 55 89
27/02/2020 16:17:01 : 1 1 2
27/02/2020 16:17:01 : 1
27/02/2020 16:17:02 : 1 1
27/02/2020 16:17:02 : 1 1 2 3 5 8 13 21 34
27/02/2020 16:17:03 : 1 1 2 3 5 8 13 21 34 55 89 144 233 377
27/02/2020 16:17:03 : 1 1 2 3 5 8
27/02/2020 16:17:03 : 1 1 2 3 5 8 13 21
27/02/2020 16:17:04 : 1 1 2 3 5 8 13
27/02/2020 16:17:04 : 1 1 2 3 5 8 13 21 34 55 89
27/02/2020 16:17:04 : 1 1 2 3 5 8 13 21
27/02/2020 16:17:04 : 1 1 2 3 5 8 13 21 34 55 89 144
27/02/2020 16:17:05 : 1 1 2 3 5 8 13 21 34 55 89 144 233 377 610
27/02/2020 16:17:05 : 1 1 2 3 5 8 13 21 34 55 89 144 233 377 610 987
27/02/2020 16:17:05 : 1 1 2 3 5 8 13 21 34
27/02/2020 16:17:05 : 1 1 2 3 5 8 13 21 34
27/02/2020 16:18:10 : 
27/02/2020 16:18:10 : 1 1 2 3 5 8 13
27/02/2020 16:18:11 : 1 1 2 3 5
27/02/2020 16:18:11 : 1 1 2 3 5 8 13 21 34
